0 1 4
1 0.3 2
2 0.4 2
3 0.3 1
1 0.8 3
2 0.7 1
1 0.8 3
2 0.7 1
1 0.8 1
2 0.8 2
1 0.8 4
4 0.2 1
1 0.7 3
2 0.7 1
1 0.8 3
2 0.7 1
1 0.8 1
2 0.8 2
1 0.8 3
2 0.8 1
0 1 1
1 0.8 1
2 0.8 1
1 0.8 1
2 0.8 1
1 0.8 1
2 0.8 1
3 0.4 1
4 0.4 2
3 0.4 1
0 1 1
1 0.8 1
4 0.8 1
1 0.8 1
4 0.8 1
1 0.8 1
2 0.8 1
1 0.4 1
2 0.4 2
1 0.4 1
2 0.4 1
1 0.4 2
2 0.4 1
3 0.3 1
2 0.4 2
1 0.4 1
4 0.4 1
1 0.4 2
2 0.4 1
3 0.3 1
2 0.4 2
1 0.4 1
2 0.4 1
1 0.4 2
2 0.4 1
3 0.3 1
1 0.4 1
4 0.3 1
1 0.3 1
1 0.9 1
2 0.6 2
1 0.8 1
2 0.8 1
1 0.8 1
1 0.7 1
4 0.6 2
1 0.8 1
2 0.8 1
1 0.8 1
1 0.7 1
2 0.6 2
1 0.8 2
2 0.8 1
1 0.7 1
2 0.6 2
1 0.8 1
2 0.8 1
3 0.8 1
1 0.7 1
2 0.6 2
1 0.8 1
2 0.8 1
2 0.8 1
3 0.7 1
4 0.6 2
1 0.8 1
2 0.8 1
1 0.8 1
2 0.8 1
0 0.5 1
1 0.8 3
2 0.7 1
1 0.8 3
2 0.7 1
1 0.8 1
2 0.8 2
1 0.8 4
0 3 1