0 0.5 19
4 0.25 2
0 0.5 1
1 0.5 2
2 0.5 1
1 0.5 2
2 0.5 2
1 0.5 1
2 0.5 2
0 2 1
1 0.5 1
4 0.25 2
1 0.5 2
2 0.5 1
1 0.5 1
2 0.5 1
1 0.5 1
4 0.25 2
1 0.5 2
2 0.5 1
1 0.5 1
0 0.75 1
1 0.5 1
2 0.25 1
2 0.25 1
1 0.5 2
2 0.5 2
1 0.5 1
1 0.5 1
2 0.25 1
3 0.25 1
2 0.5 2
1 0.5 2
0 0.75 1
1 0.5 1
4 0.25 1
3 0.25 1
0 0.75 1
1 0.5 1
4 0.25 1
3 0.25 1
1 0.5 2
2 0.5 2
1 0.5 1
1 0.5 1
2 0.25 1
2 0.25 1
1 0.5 2
2 0.5 2
0 0.75 1
1 0.5 1
2 0.25 1
3 0.25 1
0 0.75 1
1 0.5 1
2 0.25 1
4 0.25 1
1 0.5 2
2 0.5 2
1 0.5 1
1 0.5 1
2 0.25 1
4 0.25 1
1 0.5 2
2 0.5 2
0 0.75 1
1 0.5 1
2 0.25 1
4 0.25 1
0 0.75 1
1 0.5 1
2 0.25 1
4 0.25 1
1 0.5 2
2 0.5 2
1 0.5 1
1 0.5 1
2 0.25 1
4 0.25 1
1 0.5 2
2 0.5 2
0 0.75 1
1 0.5 1
2 0.25 1
1 0.25 1
0 0.75 1
1 0.5 1
2 0.25 1
3 0.25 1
1 0.5 2
2 0.5 2
1 0.5 1
1 0.5 1
3 0.25 1
2 0.25 1
1 0.5 2
2 0.5 1
1 0.5 1
0 0.75 1
1 0.3 1
4 0.15 1
2 0.3 1
1 0.3 2
2 0.3 2
1 0.3 1
1 0.3 1
2 0.15 1
3 0.15 1
1 0.3 2
2 0.3 2
0 0.5 1
1 0.3 1
2 0.15 1
1 0.15 1
1 0.3 1
2 0.15 1
1 0.15 1
2 1 1
1 1 1
2 1 1
1 0.5 1
2 0.25 2
1 0.5 2
2 0.5 2
1 0.5 1
1 0.5 1
4 0.25 2
1 0.5 2
2 0.5 2
0 0.75 1
1 0.5 1
4 0.25 1
2 0.25 1
1 0.5 2
2 0.5 2
1 0.5 1
1 0.5 1
2 0.25 1
4 0.25 1
1 0.5 2
2 0.5 2
1 0.5 1
3 0.25 1
2 0.25 1
1 0.5 1
2 0.5 1
1 0.5 1
2 0.5 1
0 3 1